20 180
6 18
16 20
7 17
4 9
3 13
5 10
8 9
5 19
8 18
9 17
11 14
2 11
1 15
13 17
6 11
7 10
6 20
18 19
7 19
3 6
12 18
14 15
3 15
8 11
5 12
9 10
2 4
9 19
11 16
1 8
10 20
1 17
15 16
6 13
13 19
7 12
3 8
12 20
3 17
14 17
1 10
1 19
7 14
12 13
3 10
5 7
14 19
3 19
5 16
4 18
9 14
10 15
1 12
13 14
2 20
16 19
7 16
12 15
3 12
5 9
4 11
5 18
4 20
9 16
1 5
19 20
10 17
13 16
1 14
2 13
8 20
7 9
3 5
12 17
3 14
5 11
4 13
8 13
1 7
2 6
10 19
1 16
11 18
2 15
13 18
7 11
6 15
3 7
4 6
12 19
5 13
4 15
17 18
8 15
10 12
1 9
2 8
1 18
11 20
2 17
6 8
15 20
6 17
3 9
5 6
4 8
3 18
14 18
4 17
1 2
17 20
8 17
10 14
1 11
11 13
2 10
1 20
2 19
6 10
6 19
7 18
12 14
3 11
4 10
4 19
1 4
5 20
2 3
8 19
1 13
11 15
10 16
9 18
2 12
6 12
3 4
7 20
18 20
12 16
4 12
8 12
1 6
9 11
2 5
10 18
9 20
11 17
2 14
13 20
6 14
7 13
4 5
4 14
5 15
8 14
10 11
9 13
2 7
2 16
6 7
15 19
6 16
16 18
7 15
4 7
4 16
5 8
14 20
17 19
5 17
8 16
10 13
9 15
2 9
11 12
3 20
2 18
13 15
6 9
7 8
