20 140
6 18
16 20
3 13
8 9
5 19
8 18
9 17
11 14
2 11
13 17
1 15
6 11
7 10
7 19
3 6
14 15
5 12
8 11
9 10
2 4
9 19
11 16
10 20
13 19
15 16
6 13
3 8
12 20
14 17
5 14
3 17
9 12
1 19
15 18
7 14
12 13
3 10
5 7
3 19
5 16
4 18
1 3
10 15
1 12
13 14
2 20
16 19
7 16
12 15
3 12
5 9
4 11
4 20
9 16
1 5
8 20
10 17
1 14
2 13
7 9
3 5
12 17
5 11
4 13
2 6
13 18
11 18
1 16
2 15
7 11
6 15
4 6
12 19
14 16
3 16
17 18
8 15
10 12
1 9
2 8
1 18
11 20
2 17
15 20
6 17
3 9
4 8
3 18
14 18
4 17
1 2
17 20
1 11
2 10
7 18
3 11
4 10
4 19
8 10
1 4
2 3
8 19
10 16
9 18
1 13
6 12
3 4
18 20
12 16
8 12
9 11
1 6
10 18
11 17
13 20
15 17
6 14
7 13
4 5
8 14
10 11
2 7
11 19
2 16
15 19
6 16
16 18
7 15
4 7
4 16
5 8
17 19
5 17
10 13
9 15
8 16
2 9
2 18
13 15
7 8
