20 120
6 18
16 20
7 17
4 9
8 9
5 19
8 18
11 14
2 11
13 17
1 15
6 11
6 20
7 19
18 19
3 15
5 12
8 11
9 10
2 4
9 19
10 20
1 17
15 16
6 13
14 17
3 17
1 10
1 19
16 17
12 13
3 10
5 7
3 19
14 19
4 18
9 14
1 3
10 15
13 14
1 12
2 20
16 19
5 9
5 18
9 16
1 5
19 20
8 20
13 16
10 17
2 13
7 9
3 5
12 17
3 14
8 13
1 7
2 6
1 16
2 15
7 11
6 15
4 6
14 16
4 15
17 18
1 9
2 8
1 18
11 20
6 8
5 6
3 18
4 17
17 20
8 17
11 13
1 20
6 10
6 19
4 19
1 4
2 3
8 19
10 16
1 13
9 18
5 20
2 12
6 12
3 4
12 16
8 12
1 6
10 18
9 20
6 14
4 14
5 15
8 14
10 11
9 13
2 7
2 16
6 7
15 19
6 16
16 18
7 15
4 7
4 16
5 8
3 20
14 20
8 16
10 13
2 18
13 15
6 9
