20 140
6 18
16 20
4 9
5 10
9 17
2 11
1 15
13 17
6 11
7 10
7 19
18 19
3 6
12 18
14 15
5 12
8 11
9 10
2 4
11 16
1 8
10 20
1 17
13 19
15 16
6 13
3 8
12 20
14 17
5 14
3 17
9 12
1 10
1 19
15 18
7 14
12 13
5 7
3 19
14 19
5 16
9 14
10 15
13 14
16 19
12 15
3 12
5 18
4 20
9 16
1 5
8 20
1 14
2 13
7 9
3 5
12 17
5 11
4 13
8 13
1 7
2 6
1 16
13 18
11 18
7 11
4 6
12 19
3 16
14 16
4 15
5 13
1 9
2 8
1 18
11 20
2 17
6 8
15 20
6 17
3 9
5 6
3 18
4 17
1 2
8 17
10 14
1 11
11 13
2 10
1 20
2 19
6 10
6 19
7 18
12 14
3 11
4 10
4 19
8 10
1 4
2 3
8 19
10 16
9 18
5 20
2 12
3 4
7 20
18 20
12 16
4 12
8 12
1 6
9 11
10 18
9 20
2 14
15 17
6 14
7 13
4 5
4 14
5 15
8 14
10 11
11 19
6 16
16 18
7 15
4 7
4 16
5 8
3 20
17 19
5 17
10 13
11 12
13 15
7 8
