20 100
16 20
7 17
3 13
5 10
5 19
1 15
7 10
18 19
7 19
12 18
14 15
8 11
9 19
1 8
1 17
6 13
14 17
3 17
9 12
1 10
1 19
15 18
16 17
5 7
5 16
1 3
10 15
13 14
1 12
7 16
12 15
3 12
4 11
5 18
4 20
9 16
1 5
8 20
1 14
2 13
7 9
3 5
12 17
5 11
8 13
13 18
1 16
11 18
3 7
4 6
3 16
14 16
17 18
8 15
10 12
1 9
1 18
11 20
2 17
6 8
3 9
4 8
14 18
4 17
1 2
17 20
1 20
2 19
6 19
4 19
2 3
5 20
10 16
11 15
12 16
8 12
1 6
2 5
10 18
9 20
2 14
13 20
6 14
7 13
4 14
8 14
10 11
9 13
11 19
16 18
7 15
4 7
4 16
14 20
3 20
8 16
9 15
2 9
13 15
7 8
