20 160
6 18
16 20
4 9
5 10
8 9
5 19
8 18
11 14
2 11
1 15
6 11
7 10
6 20
7 19
18 19
12 18
14 15
5 12
8 11
3 15
9 10
2 4
9 19
11 16
1 8
10 20
1 17
15 16
6 13
13 19
7 12
3 8
12 20
3 17
5 14
9 12
1 10
15 18
16 17
7 14
12 13
3 10
14 19
3 19
4 18
5 16
9 14
1 3
10 15
1 12
13 14
2 20
7 16
12 15
5 9
4 11
5 18
4 20
9 16
1 5
19 20
10 17
13 16
8 20
7 9
3 5
3 14
5 11
4 13
8 13
1 7
2 6
10 19
1 16
11 18
2 15
13 18
3 7
4 6
12 19
3 16
14 16
5 13
17 18
8 15
10 12
1 9
2 8
1 18
11 20
2 17
6 8
15 20
6 17
3 9
5 6
3 18
14 18
4 17
1 2
17 20
8 17
10 14
11 13
2 10
1 20
2 19
6 10
6 19
7 18
12 14
3 11
4 10
4 19
8 10
5 20
8 19
2 3
1 13
11 15
2 12
6 12
3 4
18 20
4 12
8 12
1 6
9 11
2 5
10 18
9 20
11 17
2 14
6 14
7 13
4 5
4 14
8 14
10 11
9 13
2 7
11 19
6 7
15 19
6 16
16 18
7 15
4 7
4 16
5 8
3 20
17 19
5 17
10 13
14 20
11 12
9 15
2 18
13 15
7 8
